mode:  Anycast
client_number:  105
client_thread:  2
server_number:  15
dispatcher_number:  6
plt_latency_avg:  2.691686049363671 	成功数量:  2593 	成功率:  98.8%
plt_throughput_avg:  49.9825830635956 	成功数量:  2453 	成功率:  95.6%
plt_cpu_avg:  16.931247192832764 	成功数量:  586 	成功率:  94.7%
