mode:  Polygon
client_number:  105
client_thread:  2
server_number:  15
dispatcher_number:  6
plt_latency_avg:  2.859026409882089 	成功数量:  1781 	成功率:  96.5%
plt_throughput_avg:  48.759798470213994 	成功数量:  1729 	成功率:  93.3%
plt_cpu_avg:  9.435126524675324 	成功数量:  385 	成功率:  82.1%
