mode:  Polygon
client_number:  105
client_thread:  1
server_number:  15
dispatcher_number:  6
plt_latency_avg:  1.697316751247327 	成功数量:  1403 	成功率:  99.9%
plt_throughput_avg:  33.825583966007905 	成功数量:  1265 	成功率:  98.0%
plt_cpu_avg:  8.313851335403726 	成功数量:  322 	成功率:  88.2%
