mode:  Anycast
plt_latency_avg:  3.187919719602978 	成功数量:  2418 	成功率:  89.5%
plt_throughput_avg:  54.02687870383275 	成功数量:  2296 	成功率:  82.4%
plt_cpu_avg:  110.68634509935205 	成功数量:  463 	成功率:  66.2%
