mode:  Anycast
client_number:  105
client_thread:  3
server_number:  15
dispatcher_number:  6
plt_latency_avg:  3.6735363382405746 	成功数量:  2785 	成功率:  96.7%
plt_throughput_avg:  67.29534209578988 	成功数量:  2589 	成功率:  91.5%
plt_cpu_avg:  61.1097447483871 	成功数量:  620 	成功率:  89.6%
