mode:  Polygon
client_number:  105
client_thread:  3
server_number:  15
dispatcher_number:  6
plt_latency_avg:  2.9333371910695742 	成功数量:  1926 	成功率:  92.2%
plt_throughput_avg:  51.85326747231638 	成功数量:  1770 	成功率:  85.8%
plt_cpu_avg:  11.34467063341646 	成功数量:  401 	成功率:  76.1%
